核子 武器 ||| -0.603960008655 0.280475260876 -0.394605046165 0.368525764086 0.284221450237 -0.396123664962 -0.052161594074 -0.0571045583803 0.0978130941019 -0.108612154695
伊拉克 军队 ||| 0.0546926750193 0.375790600863 -0.399245832726 0.0531541966673 -0.563150709343 -0.385583621728 0.158910219617 -0.143729498708 0.276636164994 0.324524092742
执委会 ||| -0.518911375341 0.387081478779 -0.068649602371 -0.693332670785 -0.138919204635 -0.147373457504 0.108782550258 0.0788813900392 0.0190955959581 0.189836542668
网球 大师 杯 赛 ||| -0.21044181991 0.400327915367 -0.418742406172 0.287630057925 -0.0309886031053 -0.520820230162 0.223251577997 -0.266993798925 0.371481407795 -0.0776926631932
地方 政府 ||| -0.467114260406 0.165638604668 -0.357587094602 0.272102844453 0.53963115541 -0.242654641807 -0.156835689297 -0.00764833987793 0.257370891495 -0.333887506169
副 总参谋长 ||| 0.131905508425 0.513077207429 -0.379395697787 0.109797503294 -0.452852299362 -0.444406087212 0.207421209343 -0.29414830593 0.169230428325 0.0509748134733
世界 银行 ||| -0.516192169552 0.204082412421 -0.41099057407 0.35972822257 0.490721982292 -0.35691658224 0.00497002016958 0.0111677153596 0.153295680748 -0.0416157621757
刑事 法庭 ||| 0.346328175173 0.0251006981615 0.0847193788533 -0.539655737485 -0.294092013337 0.602962272381 0.298346105546 -0.013860274244 -0.128002923781 -0.159311623127
下议院 ||| 0.110080263924 -0.206963252278 0.328384623723 0.316931943105 0.258903922931 0.232484225018 0.629587395616 -0.348857604603 -0.271549198155 -0.154483623162
法国 政府 ||| -0.140782632523 0.153280468857 -0.476831415351 0.275776442544 0.0430157971453 -0.469737971777 0.201732754336 -0.23991431611 0.576500945023 0.012331241895
合作 论坛 ||| -0.260738739068 0.081424001548 -0.313755883257 0.422555700932 0.582614809316 -0.201105781693 -0.175468448364 0.102476272924 0.168909686727 -0.445740698875
中国 公司 ||| -0.147175502043 -0.0235648064935 -0.156029569785 0.354113678847 0.719430451252 -0.529394450667 -0.0348212149667 -0.0893348027136 0.135694513146 0.0509653198593
东京 金融 集团 ||| -0.296920958662 0.438527682163 -0.324586477808 0.295498599431 -0.0421052642864 -0.546781136512 0.113806630105 -0.300350532381 0.348332648128 0.0401885905147
外商 投资 企业 ||| -0.457947545248 0.0722066403843 -0.355020606102 0.567595051088 0.50328891602 -0.000231986896107 -0.113421263271 0.0228245803176 0.0176462311236 -0.264329251885
工商 银行 ||| -0.15486351645 0.216576323617 -0.251139971856 0.401277210175 0.587288469797 -0.325118739308 0.131635820131 -0.115649019718 0.301360807703 -0.364535786614
中国 进出口 贸易 ||| -0.381013090828 0.255031357085 -0.32204703003 0.406271638847 0.343919507051 -0.525398238903 0.0292311275699 -0.205751631057 0.288970143958 0.00110637480127
网球 公开赛 ||| -0.410203974114 0.201052408968 -0.408256689826 0.312967356226 0.4266447044 -0.410670713076 0.0278444321597 -0.0869442654973 0.288822993682 -0.290274111597
中国 吸引 外资 ||| -0.361477832276 0.626463651925 -0.352251681237 0.280922462249 -0.00334177503659 -0.296911471312 0.103558153329 -0.281623907683 0.299858683443 0.0758897691866
全国人大 代表团 ||| -0.0372854459417 0.491815406845 -0.399039755415 0.188752939671 -0.225344588535 -0.452769638932 0.151146934706 -0.380326902152 0.372280118541 0.000194735641813
税收 政策 ||| -0.377624490024 0.247841253184 -0.418657192284 0.326168758663 0.422835113706 -0.458092246531 0.000643241886267 -0.159649460326 0.267331859429 -0.169475152317
中央委员 ||| -0.161484286183 0.292773567892 0.287073201085 -0.745448585359 -0.148970821011 -0.282413202073 -0.139378853728 -0.0505540839804 -0.160328770756 0.31696187443
军事基地 ||| 0.246679259302 -0.14615947437 -0.119269640449 0.0478727878261 -0.406692207247 -0.021253921962 -0.103278273106 -0.219828477228 -0.69531722796 -0.439274869424
火箭 飞机 ||| -0.722178788041 -0.168716470932 0.347832587672 0.104640004795 -0.06546291103 -0.287303925177 -0.3912247724 0.260628511479 0.0412640137832 0.0924110944603
交易所 ||| -0.290502057231 -0.0627440560175 -0.13943981252 0.180395965213 -0.331102870824 -0.0314762331951 0.447839855679 -0.204940670988 0.676564089457 0.220829178716
中国 国家 统计局 ||| -0.353849872329 0.244524412333 -0.350049119267 0.405960082374 0.330799246931 -0.533730940629 0.0176843462311 -0.199809274621 0.304201032115 -0.0242589411149
磋商 机制 ||| -0.420220312908 0.16852631208 -0.39324782636 0.141853997373 0.484142122074 -0.479158637643 -0.0426740969544 -0.0855857135038 0.361573104291 -0.127983062163
马耳他 议会 ||| -0.228155632154 0.300763510283 -0.55850937933 0.317856289865 0.0314513605108 -0.44150646095 0.16311657232 -0.291606849766 0.348871684171 -0.123494147394
发展 毁灭性 武器 ||| -0.594619754168 0.297629591644 -0.418794380575 0.339116307454 0.213103593981 -0.414645886209 -0.093046170627 -0.0662768805751 0.172977170842 -0.0844967563387
政府 和 联合国 ||| -0.3934541347 0.509469941653 -0.323027160004 0.413907923539 0.103060214804 -0.450048023103 0.0579535748658 -0.240307871383 0.18892478007 -0.0020527503815
中国 保险 ||| -0.559999969587 0.0111488987496 -0.161464655958 0.312102846497 0.651974301244 -0.292209572427 -0.161764395854 -0.0184399927877 0.139353683527 -0.080078638168
美国 国防部 ||| -0.0643683377249 -0.228717736091 0.0278196423158 0.0670995189594 0.719657197035 0.371292561573 -0.0122848120033 0.358229596227 -0.262516241902 -0.291735927421
中国 建设 银行 ||| -0.475359027465 0.193244195194 -0.277966907091 0.392486612395 0.463581306179 -0.465575303089 -0.0188865128432 -0.135129866064 0.231956261469 -0.0359256884984
国防部 大楼 ||| -0.197215181746 -0.546474772411 0.127260855307 -0.0944196196875 0.637739268669 0.0299013224756 -0.325060293215 0.223878788533 0.192728229851 0.191899881921
扩散 条约 ||| -0.0710712480495 0.393007684543 -0.422252465793 0.424206572843 0.15997263035 -0.55035336225 0.198626302796 -0.24022974167 0.210329488138 -0.11119433418
亚洲 开发 银行 ||| -0.391171589725 0.262470138986 -0.373220007572 0.429517472541 0.384723044486 -0.346013823444 -0.126539268152 -0.169894016635 0.309737472346 -0.213927390114
新 世界 集团 ||| -0.205387113276 0.392018511935 -0.317082714785 0.333875286508 -0.212150372027 -0.570461169779 0.0938645165035 -0.29727532209 0.352024377399 0.0241952805702
军事 设施 ||| 0.0291396448896 0.40340845953 -0.349356161141 0.00088132767673 -0.507438571174 -0.389969548096 0.269444490155 -0.37182249669 0.247456416434 0.180844849245
网球 联合会 ||| -0.0821095175952 0.388819546293 -0.464637216158 0.272193179925 0.101304048842 -0.502431096422 0.241878903581 -0.253131313796 0.390965527131 -0.118178218444
美国 商务 部长 ||| -0.40053729614 -0.400335216427 0.227967302063 0.00709144021193 0.549885352421 0.271798641805 -0.491727612123 -0.0698801249343 0.0631334091136 0.019201649123
阿拉伯 联盟 ||| -0.422229924993 0.145959065459 -0.347080625038 0.536775150352 0.494917012395 -0.194985948323 -0.117310603891 -0.266749004236 -0.0414610065415 -0.149087645461
证券 分析员 ||| -0.434015338765 0.131545699191 -0.162749629914 0.288989715758 0.638533526066 -0.2273233239 -0.264442330934 -0.0463708099983 0.207924698355 -0.33107443392
地方 法规 ||| -0.188887389194 0.279090204722 -0.430668667874 0.232170171776 0.461828980974 -0.414164477315 -0.116796102823 -0.202862967804 0.317810207409 -0.326244476534
欧洲 货币 ||| -0.552502293769 0.239912044565 -0.325321316469 0.435963415826 0.317144263054 -0.410766528118 -0.205419657511 -0.0992568346719 0.0683530078845 -0.123508924969
小 企业 ||| -0.40422439457 0.216496131233 -0.285617432236 0.248856392199 0.587931808698 -0.304989970937 -0.0301482792532 0.137565778111 0.150216629382 -0.406379441676
