and -0.0847253 0.0654979 0.119625 -0.0634545 -0.107325 0.0526538 -0.0618208 -0.155098 -0.259281 -0.0288782 -0.141994 -0.0523574 -0.164698 -0.310812 0.0844525 0.143516 -0.133309 0.512364 0.21084 0.0541628 0.00943577 0.248584 -0.0112565 -0.244932 -0.161189 0.170199 0.202787 0.00376869 0.0380406 0.17337 -0.111399 -0.282117 0.0227079 0.283542 0.0325886 -0.108295 0.274547 -0.0815259 0.143716 0.289667 -0.216588 0.128349 -0.250042 0.26621 0.156445 -0.0896187 0.0691906 0.00637864 -0.116248 0.228138
an -0.162612 -0.294854 0.0866708 -0.101145 0.103569 -0.226939 -0.0554717 0.392689 -0.422169 -0.201392 0.039611 0.215327 -0.0165995 -0.307041 -0.0910229 -0.466491 -0.312622 0.265236 0.186527 -0.202566 -0.175367 -0.100107 0.250212 -0.339142 -0.0154837 0.193971 0.433153 0.396967 -0.210128 0.31977 -0.200306 -0.181767 0.596554 0.050092 0.318755 0.0686361 0.432611 0.226124 -0.0859313 -0.0727609 -0.222047 0.263018 -0.0375835 -0.218378 0.219329 -0.0909536 -0.145569 0.0990986 0.240259 0.173747
navy 0.0314323 -0.331197 0.143891 0.022165 0.473651 0.53729 -0.242089 -0.374182 -0.0425254 -0.326474 0.0187956 0.543666 0.0201934 -0.147987 -0.188053 0.163437 0.0576301 -0.0957318 -0.394834 0.0110536 0.0625924 0.0334977 0.440878 -0.156111 -0.0756892 -0.34965 0.0315586 -0.131675 0.140736 0.384752 0.222456 0.521024 0.0130804 -0.241393 -0.236992 -0.172093 0.0175916 -0.427577 -0.250786 -0.3945 0.583565 -0.26006 -0.627107 -0.119334 0.449062 0.0108568 -0.117988 -0.342273 0.0819853 0.0854022
at 0.301861 -0.104451 -0.287905 0.450231 0.127038 -0.189793 -0.244717 -0.413916 0.0392156 -0.195733 0.545281 0.0831013 -0.0193422 0.081473 0.0346178 0.014963 0.306326 0.144142 -0.262971 -0.138916 0.0255159 0.183995 -0.0501378 -0.168449 -0.178929 0.428578 0.0813951 0.668447 0.146689 0.181434 -0.13819 -0.297822 0.169406 0.198247 0.015232 0.0405374 0.365249 0.152114 0.527146 0.370305 0.0278043 -0.0901031 -0.536234 0.392007 0.2964 0.214718 0.100565 -0.0962251 0.00452477 0.197725
sea -0.0271573 -0.304124 0.127314 -0.287285 0.380026 0.217897 -0.130739 -0.527223 -0.307118 -0.296463 -0.057682 0.527037 -0.0894209 -0.0818505 0.0775764 0.0681356 -0.152617 -0.139108 -0.16443 -0.231663 -0.0383443 -0.113969 0.177919 -0.353775 0.125466 -0.111519 -0.23175 0.182841 -0.104514 -0.281827 -0.225975 -0.296099 -0.222406 -0.346845 0.0298521 -0.374036 -0.180033 -0.213724 0.508225 -0.192089 0.254682 0.318113 -0.360235 0.247586 -0.281181 -0.129284 0.108114 -0.378236 0.0348619 0.10796
battle -0.393964 -0.170206 -0.0202541 -0.0841481 -0.0107144 0.126642 -0.0835332 -0.132098 -0.0124007 -0.0605212 -0.858882 0.395528 0.319633 -0.00152349 -0.0361478 0.0226803 -0.215062 0.0388721 0.223746 0.0858216 0.0860492 -0.0776473 0.352553 0.065024 0.237837 -0.0483141 -0.104238 0.132301 -0.0787816 0.107826 0.0102266 0.35566 -0.107222 0.0178027 0.0538234 0.0309735 0.302241 0.231506 0.431151 -0.278095 0.0887515 -0.203084 -0.312281 0.0190281 0.225099 -0.145389 0.313304 0.199925 0.381235 -0.0803756
its 0.193143 -0.280169 0.366911 -0.275663 -0.239557 -0.0356937 -0.17794 -0.0151783 -0.391539 0.267183 -0.0280694 0.123899 -0.00758427 -0.137593 -0.151907 -0.0348461 0.155564 -0.0697174 0.123251 0.24024 -0.112834 -0.181003 -0.0660875 -0.427314 -0.00697561 0.1098 0.296674 0.146212 -0.181608 0.446887 -0.07819 -0.150439 0.177833 0.133276 0.267106 0.219261 0.249777 0.00400465 0.100084 -0.00937451 -0.287415 0.186509 -0.338883 -0.0793554 -0.183642 -0.325226 0.0339597 -0.0601009 -0.0612848 0.195943
avert 0.395869 0.115069 0.00626041 -0.014624 -0.120301 0.0310415 0.412264 0.00746312 -0.120908 -0.0197096 -0.324528 0.29984 0.127677 -0.171243 -0.119953 0.0939255 -0.319877 0.0934169 -0.135762 0.474845 -0.0919249 0.0517037 -0.0366449 -0.0541187 0.236332 -0.0388508 -0.504701 -0.0883546 -0.082759 0.0628306 -0.223839 0.247545 0.0630519 0.237924 -0.0647663 0.212017 0.0868855 0.438503 0.355213 -0.201699 0.0163834 0.267997 -0.157181 -0.114584 -0.147738 0.188606 0.2007 0.185669 0.291166 -0.200347
said -0.193842 -0.933374 -0.67878 -0.0703879 -0.133933 -0.0761254 0.0384376 -0.212814 0.0881549 -0.267495 -0.0969317 -0.415016 0.101387 -0.457026 0.0194472 -0.45997 0.377925 -0.0438822 0.713393 0.296404 0.0317824 0.0723497 0.094646 -0.301782 0.936335 0.276058 0.159583 0.679655 0.427861 -0.511738 0.0214148 0.657296 0.203079 0.515464 -0.382013 -0.728421 0.294684 0.031553 0.0723772 0.311301 -0.395961 -0.273831 -0.271508 0.259594 -0.130159 0.102164 -0.186748 -0.316973 -0.816452 0.581358
koreas 0.305696 0.586305 0.0513473 0.611395 -0.188179 0.671081 0.399953 0.0359861 -0.617369 -0.249459 -0.0648634 0.186949 0.142703 0.0189782 0.110993 -0.0862967 -0.324115 -0.407066 -0.457013 0.084405 -0.120936 0.199074 0.282036 -0.096898 0.0115031 -0.486043 -0.0307876 -0.153119 -0.421926 -0.0693657 0.568676 0.0135812 -0.857626 0.0284135 0.693465 -0.00762533 -0.18611 -0.598171 0.39839 -0.406274 0.441314 -0.0876964 0.0669222 0.0925624 0.232113 -0.374774 0.891515 -0.182166 0.750251 0.178199
) 0.178622 -0.157538 0.162353 -0.143277 0.282942 -0.451809 0.272165 -0.322305 0.481477 -0.244724 0.108654 0.212665 -0.015969 -0.391936 -0.416303 0.093865 0.319397 0.0846823 0.110908 0.290071 0.135523 -0.0629113 0.0281605 -0.100367 -0.385012 0.073688 0.410754 0.357728 0.144683 -0.168414 -0.0601757 0.357706 -0.156617 0.671062 -0.281545 0.213778 0.141033 -0.134932 0.316403 0.853619 -0.466576 0.191715 -0.0572613 0.0538361 0.285559 -0.0179324 0.180942 -0.357155 -0.202166 0.393642
( 0.281272 -0.241344 -0.00946393 -0.255332 0.161745 -0.388327 0.435579 -0.389028 0.286358 -0.244358 0.0865514 0.0119538 0.154797 -0.14529 -0.528372 0.282592 0.219562 0.184023 0.494547 0.162342 0.295909 -0.028898 0.249631 -0.348025 -0.445038 0.105281 0.688208 0.362204 0.316876 0.108516 -0.178446 -0.08094 -0.168925 0.454155 -0.578774 0.132559 0.0444373 -0.0515266 0.242522 1.05855 -0.319184 0.319435 -0.254768 0.197788 0.101233 0.0195094 0.314207 -0.232294 -0.0323714 0.094146
, -0.183699 0.207842 -0.169002 0.0450422 0.128997 0.0173187 -0.0424234 -0.402787 0.0155034 0.175738 -0.0985901 -0.0415733 -0.131659 -0.239722 0.105832 0.0536659 0.211426 0.430971 0.462656 -0.0689631 -0.00826265 0.0865356 0.161223 0.0208532 0.0332113 0.0434536 0.469803 0.335364 0.234473 -0.0456203 0.231825 -0.0741401 0.143072 -0.0650081 -0.0404388 -0.10517 -0.0516774 0.303427 0.0147683 0.272694 -0.160785 0.116868 -0.117773 0.126309 -0.132417 -0.116757 0.21173 -0.291082 0.233512 0.207586
. -0.0155107 -0.0704542 -0.0566817 -0.000984075 0.0670649 -0.0546798 0.0250494 -0.209782 -0.0593681 0.137703 -0.0150203 -0.201755 -0.115045 -0.0467594 0.0647214 0.167579 -0.00779755 0.434358 0.318415 0.0084061 -0.0501794 -0.123449 0.16704 -0.346457 0.031831 0.358769 0.15384 0.345587 -0.0639211 -0.0107377 0.085741 0.0469863 -0.0702585 -0.0321315 -0.106383 -0.0298663 0.127216 0.295114 0.235187 0.248543 -0.127942 0.541903 -0.330617 0.0590849 0.0649426 -0.0153184 0.172838 -0.0719316 0.0529923 0.234724
to 0.0818858 0.404468 0.269072 -0.0627656 0.0560187 -0.11587 0.137381 0.0304088 -0.503184 0.223552 0.215791 0.184905 0.223648 -0.331669 0.123507 0.222351 -0.185138 0.285224 0.0570897 -0.0800947 -0.201601 -0.162271 0.119022 -0.20408 -0.128014 0.205514 0.355675 0.410967 -0.303054 0.080367 0.172163 -0.168443 0.104011 0.156947 0.0069018 -0.142057 0.118758 0.104812 0.359199 -0.082463 -0.214722 -0.0383693 -0.498088 -0.274994 0.343626 0.000398418 -0.262743 -0.144611 -0.274267 -0.0175929
between 0.150999 0.621022 -0.0366161 0.283272 0.679533 0.0474857 0.0234866 -0.0674028 -0.498334 0.0613729 0.178488 0.332438 -0.396618 -0.0127076 0.467337 0.0544275 0.178418 0.577308 0.232812 0.428961 -0.102799 -0.237829 0.191418 -0.279139 -0.29526 -0.0465495 0.341263 0.263883 -0.340286 -0.143765 0.533274 -0.521372 -0.214156 0.0902534 0.0488976 0.212679 0.0338632 -0.379484 0.353016 0.357973 -0.220244 -0.125143 -0.469283 0.601416 -0.10777 0.128019 0.769037 0.0101924 0.0535268 0.879828
restraints -0.111604 0.352901 0.207384 -0.0609396 -0.132467 0.364052 0.318131 0.135262 -0.171254 0.191733 -0.220807 0.128674 -0.122244 -0.187872 0.139246 -0.263216 -0.576066 -0.0584023 -0.123891 0.25218 -0.557639 0.372486 0.0971195 0.0777833 0.210178 -0.468642 0.0288712 0.0488973 0.216089 -0.0499034 -0.255087 0.261901 -0.161993 -0.0570952 -0.195869 0.113989 0.0501482 0.190171 0.401057 0.301922 0.189791 0.21398 0.224536 -0.0385432 -0.161024 0.0570571 0.0162694 0.0635158 0.150252 -0.328008
korean -0.153683 -0.154355 0.0756837 -0.0937722 -0.00784045 0.112787 -0.111694 -0.112174 -0.354115 0.0719035 -0.120341 0.139042 0.0283234 -0.101492 -0.311165 -0.0406738 -0.0550854 0.355595 -0.0971489 -0.224874 0.411956 0.24483 0.210618 0.032995 -0.214169 -0.05817 0.3353 -0.357746 0.147605 0.371737 0.280733 0.243919 -0.481578 0.00204382 -0.177043 -0.20165 0.130794 -0.0614859 0.115221 0.283256 0.100294 -0.0850918 0.210659 -0.189291 0.415063 -0.663885 0.413396 0.273426 0.064891 0.193208
afp 1.20816 0.612088 0.139352 0.0843389 0.952577 -0.518246 -0.258927 -0.193603 0.0864623 0.264493 -0.193436 0.944503 -0.0390054 -0.0499324 -0.128734 -0.0203831 -0.204911 0.479011 -0.146204 -0.910275 0.385065 -0.248104 -0.0436444 0.104354 -0.963751 -0.0633191 0.289054 -0.340663 -0.0652348 -0.165281 0.503553 0.776449 0.504037 0.25052 -0.795073 0.784595 -0.165166 0.353279 -0.0796667 0.086652 0.333094 -0.19754 0.607363 0.0942665 0.209454 -0.202081 0.634578 -0.0634989 -1.11362 -0.346733
war -0.00299441 -0.473393 0.175137 -0.399354 0.015463 0.202167 0.0862939 0.179958 0.0194279 0.160943 -0.59371 0.284577 0.0873437 0.0114523 -0.256166 0.247271 -0.258536 -0.311262 0.0544053 0.20975 0.289623 0.146139 0.299884 -0.201067 0.194456 -0.110185 -0.198289 0.329891 0.0474558 -0.0670113 -0.18359 0.567033 -0.131537 0.267689 -0.1682 -0.0264988 0.120126 -0.0519961 0.237895 0.0779063 0.148932 0.103376 -0.0519731 0.164621 0.391508 -0.0838407 0.556359 -0.171376 0.360954 0.401951
$X_2 -0.0385906780841 1.00731733903 1.4703640784 1.11230567867 0.551322637874 -0.95927511038 -0.0785383766076 0.372403303557 0.690975659307 -1.39980153337 -0.382674563468 0.84854344185 0.716334863173 -1.70709783381 0.35298958346 0.597533989508 0.242326998649 0.163676267413 0.916822376137 0.124573093856 -0.206916818589 0.50945948728 -1.20185837497 -0.699086992759 -0.101206280055 1.82505064912 -0.345060287923 0.705401876801 -0.450976833769 0.18444007352 0.0245095025935 0.567509271673 1.26600177146 -0.759828768033 -0.0435973396229 -1.68724220604 -0.349278691768 0.518592050811 -0.0452312377582 0.669839445149 0.41106038051 1.24981533152 -1.2833453756 -1.50992176964 -0.913972079022 -0.364333839213 0.129593103273 -0.852978601834 0.332602037575 0.30614561978
parliament 0.0905831 -0.247153 0.238039 -0.0980907 0.00513281 0.185511 -0.141642 0.368507 -0.105966 0.063836 0.0921421 0.142379 0.206166 -0.47791 -0.192668 0.0451057 0.307466 -0.397949 0.200487 0.00882096 0.30582 0.47562 0.293727 0.0714866 -0.222785 -0.298012 0.0460221 -0.144144 0.0641978 0.181168 0.261499 0.322444 0.17007 0.429576 -0.284535 0.178426 -0.44022 0.153479 0.0858448 0.0735545 0.183422 -0.417308 -0.263171 -0.0714327 0.629434 -0.667011 0.366218 -0.34801 0.316323 0.348834
north -0.499198 -0.278191 0.0926885 -0.103661 0.636544 0.117925 -0.57742 -0.518989 -0.252638 0.280422 0.232655 1.2872 -0.727281 -0.0342085 0.100395 0.612067 0.124634 -0.0934211 0.15438 -0.876475 0.292056 0.186024 0.356639 -0.352251 -0.829742 -0.415671 -0.408339 0.159823 0.438434 -0.281469 -0.409937 -0.240947 0.0574962 -0.904517 0.149465 0.61158 0.120521 -0.00163347 0.103748 0.44531 -0.65508 -0.542109 -0.359613 0.233835 0.0432928 -0.221945 -0.0131392 -0.113474 -0.543589 0.273091
seoul 0.197484 -0.327644 0.760992 0.00205574 0.222526 -0.125544 -0.18822 -0.116385 0.0388547 -0.243929 0.033223 0.491422 0.454401 0.0786046 0.290682 0.126429 0.121755 0.0485861 -0.196734 -0.585656 0.343998 0.401743 -0.268604 0.112302 -0.493888 0.210706 -0.0622067 0.388744 0.351992 -0.183203 -0.237109 0.343241 -0.258239 -0.279235 0.196495 0.219299 0.0571365 -0.0848742 0.0395035 -0.00110962 0.0800669 -0.275673 0.183326 -0.367799 -0.0191454 -0.468511 0.742106 -0.568262 0.121341 -0.221192
$X_1 -1.12219297097 -0.317395547256 0.000143387448293 -0.140257039256 -0.376872560904 0.315255008931 0.224344708194 -1.60981995286 0.927580748708 -1.51351503857 0.872863118172 1.79207449462 -0.538999724494 1.0043129483 0.256160308118 1.06812521409 -0.0980304751813 -0.684800137265 -0.597538049001 0.542739286399 -0.209794696557 -0.0769722368027 0.294150453456 -1.7220358104 1.62100103459 -1.69265456109 -1.35389897273 1.4361435912 1.48886371962 -0.0630646036911 -0.886584865362 -0.0255316036269 -0.3292811002 -1.99858349319 -1.03211479215 0.188051111842 -0.0338115507384 -0.247835184356 1.75026282047 -0.291255930902 0.24397281637 -0.245169845836 0.786214918012 1.79453677887 0.0974589405745 1.40805844597 -0.972971577981 -0.34093666621 0.973295365742 0.90019380345
exercised 0.342786 -0.132335 0.363504 -0.0182047 -0.351674 0.550489 -0.154457 0.303525 -0.523212 0.0453217 -0.277978 0.0987178 0.0867541 -0.0918297 -0.107866 -0.11966 -0.0544968 -0.0823841 0.382347 0.221908 -0.435342 0.181663 -0.0681253 -0.100137 -0.0176149 -0.0184164 0.347736 -0.213654 0.093795 -0.219907 0.354104 0.121022 0.495789 0.362274 0.310367 -0.10503 0.00536398 0.229076 0.906735 0.0590336 -0.171534 0.516786 -0.149847 -0.465499 0.0807302 0.100116 -0.621628 0.108922 0.0215654 0.386375
members -0.0514363 0.048558 0.148618 0.318844 -0.0103656 0.170832 0.253179 0.159882 -0.00557991 0.656744 -0.0284976 -0.28806 0.240497 -0.884575 0.0979775 -0.376752 0.797508 -0.398211 0.0383608 -0.284679 -0.12943 0.305965 0.308513 0.308828 0.133623 -0.329233 0.100931 -0.021755 -0.448751 0.411952 0.174545 -0.379852 -0.0950172 0.212907 -0.171496 0.0735582 -0.016326 0.239095 0.269755 0.45499 -0.135049 -0.289518 -0.650157 -0.0812326 0.561699 -0.0881195 -0.0474474 -0.143056 -0.316224 0.138948
exercises 0.00355829 -0.0218267 0.305478 0.165573 -0.537839 0.396113 -0.0730124 -0.33946 -0.371184 0.133649 0.0932455 0.11905 0.0236295 -0.467933 -0.285299 -0.136245 0.299217 0.011386 0.0408955 0.15995 -0.072902 -0.237842 -0.268287 0.0854766 0.0448831 -0.0660104 0.125111 0.1953 -0.145312 0.216339 0.0307898 0.338616 0.113628 -0.117062 0.55752 0.412037 0.452001 -0.110288 0.22824 0.143301 -0.17937 0.195681 -0.251574 0.018628 0.0758884 -0.0683371 0.157453 0.0455844 -0.242029 -0.109809
general 0.456589 -0.0652731 0.350605 -0.207691 -0.109331 0.0445008 -0.485225 0.157826 -0.0494546 0.171691 -0.105835 -0.16138 0.0121903 -0.574098 0.352045 0.229582 0.744688 0.117981 0.19259 -0.134225 -0.422686 0.0981042 -0.212812 0.163033 0.151465 0.181819 0.349241 0.0558826 0.132291 -0.13811 -0.241965 -0.143799 0.144907 0.316133 -0.484086 -0.0181311 -0.0145969 -0.0129691 0.34919 0.229518 -0.142778 0.222962 0.00532922 -0.0378846 0.301087 -0.358085 -0.206366 0.0615566 -0.287527 0.0775895
a -0.251392 -0.296301 0.121722 -0.036634 0.254034 -0.485714 -0.00298414 0.216752 -0.365006 0.190625 -0.00148039 0.0881628 -0.0337716 -0.244509 -0.0899706 -0.427257 -0.220573 0.181509 0.0237515 -0.142359 -0.334365 -0.155613 0.266371 -0.259443 0.087605 0.358168 0.230694 0.191352 -0.172884 0.267622 0.0140352 -0.138963 0.495627 -0.120007 0.24751 0.244788 0.259766 0.130916 -0.160046 0.104644 0.0126173 0.345729 0.0462402 -0.0588635 0.250175 -0.279078 0.0876734 0.139731 -0.0560809 0.473561
of -0.0165803 0.330381 0.0948161 -0.164757 -0.142168 -0.337723 -0.352766 0.121839 -0.307392 0.14244 0.135158 0.131674 -0.0931602 -0.326136 0.0609287 0.0424952 0.08192 0.195153 0.11793 0.314422 0.136502 -0.0368463 0.0365368 -0.338933 0.218447 0.269433 0.30863 -0.167495 -0.058081 0.134805 -0.541237 -0.0475663 0.199437 0.0362855 -0.188378 -0.157217 0.268775 -0.332803 0.47029 0.0592192 -0.0399432 0.281074 -0.213236 0.0795397 0.163899 -0.0311657 0.13882 -0.290531 0.0201305 0.399564
full-scale -0.0450224 -0.350679 0.0797974 -0.226078 -0.148596 -0.105322 0.106595 -0.248722 -0.336044 -0.160215 -0.188389 0.030348 0.0397859 -0.152509 -0.130547 0.142107 -0.262501 -0.183105 -0.212225 0.268993 -0.241975 -0.0690124 -0.036812 -0.1049 -0.222625 -0.122198 -0.298405 0.214672 0.164322 0.250067 0.0940317 0.146309 0.201087 -0.119674 0.0198928 0.0211452 0.468218 -0.170247 0.0373843 -0.402558 -0.0318141 0.120688 -0.0955903 -0.0623161 -0.0621018 -0.206133 0.492206 0.231362 0.146176 0.227978
claims 0.222213 0.293835 0.139901 -0.366211 -0.413385 -0.184989 0.332255 -0.0267577 -0.745197 0.220499 -0.068574 -0.0661436 -0.255214 -0.465467 -0.163708 -0.108027 0.119845 0.0285599 0.00644506 -0.195118 -0.26919 0.0473972 0.121777 0.286165 0.261871 -0.0750245 0.186768 -0.338111 -0.214304 -0.423734 -0.473441 0.412807 0.502866 -0.134645 -0.100932 0.545515 0.160041 0.274252 0.644816 0.37571 -0.383608 0.312349 0.0219019 0.246713 0.43795 -0.0219022 -0.112165 -0.169778 -0.168368 0.244009
the 0.24766 -0.257613 0.0547189 -0.247588 -0.0962288 -0.0690625 0.0896619 0.106031 -0.279377 0.330344 -0.199398 -0.0473992 -0.137455 -0.440851 -0.0719814 -0.1283 0.16552 -0.175509 -0.00479834 -0.0977006 -0.0693891 -0.0919578 0.121037 -0.415235 -0.107014 0.271264 0.229205 0.188707 -0.0105159 0.361816 -0.118796 -0.226206 0.106517 0.0192558 0.237694 0.125463 0.239835 -0.00115042 0.121161 0.120481 -0.180966 0.359691 -0.0324926 0.0306377 0.0120899 -0.295982 -0.0932493 -0.133072 -0.0265269 0.339487
all-out -0.233397 0.135206 0.203322 -0.2846 0.162771 0.24937 0.0262342 -0.0319474 -0.696293 -0.148695 -0.228254 0.216942 0.490609 0.0613865 -0.259386 0.170341 -0.6954 -0.272757 -0.259674 0.0255364 -0.1796 -0.406373 0.0664704 -0.241975 -0.0237836 0.310733 -0.0199534 0.0827046 -0.0461885 0.293527 -0.0142763 0.29569 0.387746 0.298212 -0.366691 0.0271866 0.420934 0.388891 -0.0433924 -0.908285 -0.273595 -0.235611 -0.163801 -0.0946994 -0.233082 -0.139585 0.157873 0.153183 0.240857 -0.423077
south -0.219809 -0.350524 -0.0328324 -0.428038 0.778954 -0.135588 -0.225762 -0.482167 -0.210253 -0.203254 -0.102888 0.864226 -0.707265 0.219456 0.570547 0.619415 0.0523218 -0.247094 0.0580817 -0.40678 0.682824 0.0507013 -0.0145222 -0.187796 -0.516166 -0.563165 -0.160178 0.053257 -0.542948 -0.259002 0.152879 -0.460087 -0.16556 -0.390348 0.114818 -0.258939 -0.0964685 -0.183079 0.0974945 0.70684 -0.330124 0.078096 -0.772912 0.254956 -0.0548035 -0.485372 0.504525 0.0991107 -0.241606 0.636331
